cse
3 515 332
1120 419 0 3 20 18
100 15
0 0
0 0
0 0
0 0
0 0
0 0
0 0
0 0
0 0
0 0
0 0
1
6 200 155 -5
49
50 450 100 20 1 0 1 0 10000 0
150 450 100 20 1 0 0 1 1 1
250 450 100 20 1 0 0 1 1 2
350 450 100 20 1 0 0 1 1 0
450 450 100 20 1 0 0 1 1 1
550 450 100 20 1 0 0 1 1 2
650 450 100 20 1 0 1 0 10000 0
50 430 100 20 1 0 0 0 1 1
150 430 100 20 1 0 0 0 1 2
250 430 100 20 1 0 0 0 1 0
350 430 100 20 1 0 0 0 1 1
450 430 100 20 1 0 0 0 1 2
550 430 100 20 1 1 0 0 2 0
650 430 100 20 1 0 0 0 1 1
50 410 100 20 1 0 0 0 1 2
150 410 100 20 1 0 0 0 1 0
250 410 100 20 1 0 0 0 1 1
350 410 100 20 1 0 0 0 1 2
450 410 100 20 1 1 0 0 2 0
550 410 100 20 1 0 0 0 1 1
650 410 100 20 1 0 0 0 1 2
50 390 100 20 1 0 0 0 1 0
150 390 100 20 1 0 0 0 1 1
250 390 100 20 1 0 0 0 1 2
350 390 100 20 1 1 0 0 2 0
450 390 100 20 1 0 0 0 1 1
550 390 100 20 1 0 0 0 1 2
650 390 100 20 1 0 0 0 1 0
50 370 100 20 1 0 0 0 1 1
150 370 100 20 1 0 0 0 1 2
250 370 100 20 1 1 0 0 2 0
350 370 100 20 1 0 0 0 1 1
450 370 100 20 1 0 0 0 1 2
550 370 100 20 1 0 0 0 1 0
650 370 100 20 1 0 0 0 1 1
50 350 100 20 1 0 0 0 1 2
150 350 100 20 1 1 0 0 2 0
250 350 100 20 1 0 0 0 1 1
350 350 100 20 1 0 0 0 1 2
450 350 100 20 1 0 0 0 1 0
550 350 100 20 1 0 0 0 1 1
650 350 100 20 1 0 0 0 1 2
50 330 100 20 1 0 1 0 10000 0
150 330 100 20 0 0 0 1 0 1
250 330 100 20 0 0 0 1 1 2
350 330 100 20 0 0 0 1 1 0
450 330 100 20 0 0 0 1 1 1
550 330 100 20 0 0 0 1 1 2
650 330 100 20 1 0 1 0 10000 0
